#################### 1 ##########################
MAE
1.1031775700934578
1.5700093457943929
MSE
1.8341184299065414
3.885351336448597
RMSE
1.3542962858645597
1.9711294570495863
R2 Score
0.8467090035414812
1.0224342097677397

esti_landing_point = np.array([[3.293, 2.322, 0.0], [3.781, 2.808, -0.0], [2.382, 3.057, 0.0], [4.366, 3.229, 0.0], [4.957, 3.54, 0.0], [3.583, 1.485, -0.0], [4.803, 1.744, -0.0], [4.532, 5.787, 0.0], [4.104, 3.02, -0.0], [4.477, 5.268, -0.0], [3.552, 1.344, 0.0], [4.833, 2.216, -0.0], [5.067, 4.878, 0.0], [4.947, 3.532, 0.0], [4.441, 1.419, -0.0], [4.155, 3.774, 0.0], [3.023, 0.616, -0.0], [5.537, 0.941, 0.0], [3.715, 0.769, 0.0], [3.965, 0.599, 0.0], [4.627, 1.464, 0.0], [5.097, 2.769, 0.0], [3.869, 2.356, -0.0], [4.531, 0.805, 0.0], [3.657, 4.684, 0.0], [3.701, 2.847, 0.0], [3.401, 1.497, 0.0], [3.961, 4.317, -0.0], [4.323, 4.985, 0.0], [5.064, 0.002, 0.0], [6.331, 4.548, -0.0], [4.85, 2.654, 0.0], [5.33, 1.306, 0.0], [5.349, 2.708, -0.0], [3.348, 3.208, -0.0], [4.145, 3.04, -0.0], [5.691, 4.881, 0.0], [3.439, 1.104, -0.0], [4.187, 3.463, 0.0], [3.987, 1.638, -0.0], [3.161, 3.353, -0.0], [4.978, 5.154, 0.0], [5.235, 1.516, -0.0], [5.242, 5.19, -0.0], [4.548, 5.355, 0.0], [4.54, 0.381, -0.0], [5.485, 2.021, 0.0], [3.568, 1.405, 0.0], [4.567, 4.549, 0.0], [4.898, -0.556, -0.0], [4.018, 2.535, 0.0], [4.018, 4.033, 0.0], [3.822, 1.873, -0.0], [5.889, 4.5, 0.0], [4.562, 0.629, 0.0], [5.159, 0.967, 0.0], [4.588, 6.059, 0.0], [4.18, 3.585, 0.0], [4.72, 2.499, 0.0], [5.374, 0.382, 0.0], [4.37, 0.795, -0.0], [5.236, 1.059, -0.0], [3.34, 2.907, -0.0], [4.799, 4.7, -0.0], [4.207, 1.981, -0.0], [3.528, 2.464, -0.0], [5.548, 2.426, 0.0], [5.93, 0.823, 0.0], [5.164, 0.305, 0.0], [4.768, 3.628, 0.0], [3.142, 2.815, -0.0], [4.933, 3.328, -0.0], [5.524, 3.13, -0.0], [3.989, 2.702, 0.0], [3.651, 1.564, 0.0], [6.329, 3.585, 0.0], [5.889, 3.121, 0.0], [7.569, -0.194, 0.0], [5.643, -0.278, -0.0], [5.664, 0.08, -0.0], [5.916, 4.558, 0.0], [3.995, 2.201, -0.0], [3.75, 1.911, -0.0], [7.462, 3.133, 0.0], [6.722, 4.133, -0.0], [4.728, 4.592, 0.0], [7.076, 4.663, 0.0], [5.347, 0.119, 0.0], [5.004, -0.029, 0.0], [5.999, 0.801, 0.0], [3.194, 1.121, 0.0], [5.365, 1.075, -0.0], [5.717, 1.006, -0.0], [4.435, 2.218, 0.0], [5.288, 1.65, 0.0], [5.614, 3.903, 0.0], [4.155, 2.26, -0.0], [5.809, -0.175, 0.0], [5.752, 4.817, 0.0], [4.328, 1.951, -0.0], [5.255, 1.155, -0.0], [3.995, -0.172, 0.0], [4.779, 3.644, 0.0], [4.951, 4.353, -0.0], [7.247, 3.867, 0.0], [5.353, 1.324, 0.0], [3.771, 2.946, 0.0]])


real_landing_point = np.array([
[5.367, 2.748, 0.002] ,
[5.119, 4.471, 0.002] ,
[5.641, 3.174, 0.004] ,
[4.861, 2.377, 0.003] ,
[4.659, 0.853, 0.002] ,
[4.894, 4.678, 0.001] ,
[5.076, 4.679, 0.003] ,
[5.563, 3.387, 0.001] ,
[4.93, 4.417, 0.004] ,
[5.127, 4.415, 0.004] ,
[5.513, 1.796, 0.003] ,
[5.71, 1.767, 0.004] ,
[5.88, 3.204, 0.003] ,
[6.076, 3.19, 0.004] ,
[5.036, 3.854, 0.002] ,
[5.22, 3.846, 0.002] ,
[5.868, 3.027, 0.003] ,
[5.886, 1.659, 0.003] ,
[5.358, 1.039, 0.004] ,
[5.473, 1.049, 0.003] ,
[4.73, 1.583, 0.003] ,
[4.512, 0.754, 0.0] ,
[4.97, 1.917, 0.002] ,
[5.12, 1.779, 0.002] ,
[5.575, 3.623, 0.0] ,
[5.073, 1.007, 0.001] ,
[5.037, 4.595, 0.001] ,
[5.555, 4.3, 0.0] ,
[4.86, 0.05, 0.004] ,
[5.211, 0.412, 0.004] ,
[5.627, 3.321, 0.003] ,
[5.064, 2.264, 0.001] ,
[5.666, 0.542, 0.002] ,
[6.245, 3.58, 0.005] ,
[6.129, 4.699, 0.003] ,
[6.097, 4.086, 0.004] ,
[5.38, 1.426, 0.005] ,
[5.571, 1.394, 0.003] ,
[4.976, 4.084, 0.001] ,
[5.16, 4.078, 0.002] ,
[5.881, 0.349, 0.004] ,
[5.621, 4.251, 0.005] ,
[5.818, 4.247, 0.003] ,
[5.068, 0.545, 0.003] ,
[5.258, 0.504, 0.005] ,
[5.749, 0.91, 0.002] ,
[5.928, 0.876, 0.002] ,
[4.42, 1.481, 0.003] ,
[5.55, 4.293, 0.002] ,
[5.726, 0.994, 0.004] ,
[5.919, 0.958, 0.004] ,
[5.422, 2.416, 0.002] ,
[5.605, 2.395, 0.001] ,
[5.962, 2.901, 0.002] ,
[4.711, 1.818, 0.004] ,
[4.905, 1.789, 0.004] ,
[5.865, 3.749, 0.003] ,
[6.058, 3.74, 0.005] ,
[5.123, 0.558, 0.004] ,
[5.313, 0.517, 0.004] ,
[4.448, 2.203, 0.001] ,
[4.801, 2.413, 0.002] ,
[5.42, 2.113, 0.0] ,
[6.086, 0.514, 0.0] ,
[4.922, 0.961, 0.003] ,
[4.612, 1.252, 0.005] ,
[4.805, 1.217, 0.003] ,
[5.607, 4.173, 0.003] ,
[5.392, 4.614, 0.002] ,
[4.895, 1.18, 0.0] ,
[5.077, 1.146, 0.003] ,
[6.159, 0.995, 0.004] ,
[5.472, 0.43, 0.003] ,
[6.532, 3.079, 0.003] ,
[5.386, 2.177, 0.0] ,
[5.569, 2.154, 0.002] ,
[6.435, 3.372, 0.005] ,
[5.1, 1.054, 0.002] ,
[5.493, 1.324, 0.003] ,
[5.901, 2.53, 0.002] ,
[6.809, 0.922, 0.001] ,
[6.144, 0.215, 0.003] ,
[5.468, 3.405, 0.001] ,
[5.652, 3.393, 0.002] ,
[5.717, 3.154, 0.002] ,
[5.896, 3.141, 0.001] ,
[6.842, 3.442, 0.004] ,
[6.216, 2.732, 0.003] ,
[6.414, 2.713, 0.004] ,
[5.696, 4.353, 0.003] ,
[5.892, 4.35, 0.004] ,
[7.289, 4.452, 0.004] ,
[6.133, 0.14, 0.003] ,
[6.325, 0.096, 0.004] ,
[6.587, 2.921, 0.001] ,
[6.767, 2.906, 0.002] ,
[6.745, 2.025, 0.004] ,
[5.635, 1.186, 0.0] ,
[5.641, 0.879, 0.005] ,
[6.173, 2.729, 0.002] ,
[6.012, 3.247, 0.0] ,
[6.191, 3.234, 0.003] ,
[5.436, 4.723, 0.003] ,
[5.63, 4.723, 0.005] ,
[4.913, 3.396, 0.0] ,
[6.205, 2.206, 0.001] ,
[6.386, 2.184, 0.001]
                              ])
#################### 2 ##########################

MAE
1.2130857142857145
1.6227428571428573
MSE
2.014431523809523
4.40769558095238
RMSE
1.4193067053352222
2.099451257103241
R2 Score
0.8374528893160075
0.9940445111604219

esti_landing_point = np.array([[4.373, 0.571, 0.0], [4.903, -0.445, 0.0], [4.623, 3.456, -0.0], [4.897, 3.374, 0.0], [5.057, 3.151, -0.0], [4.734, 1.117, -0.0], [4.779, -0.565, 0.0], [4.777, 3.282, 0.0], [4.72, 2.237, -0.0], [4.452, 0.646, 0.0], [3.927, 1.733, -0.0], [5.732, 3.363, 0.0], [5.333, 0.63, -0.0], [4.798, 2.043, 0.0], [4.174, 2.176, -0.0], [4.227, 2.867, -0.0], [4.146, -0.242, 0.0], [4.142, 1.114, -0.0], [4.2, -0.525, 0.0], [4.204, -0.408, 0.0], [3.98, -0.816, 0.0], [4.843, 0.874, 0.0], [4.978, -0.612, -0.0], [4.802, 4.316, 0.0], [4.104, 0.121, 0.0], [5.485, 2.849, -0.0], [4.568, 1.198, 0.0], [4.318, 1.024, 0.0], [4.635, 2.23, 0.0], [4.108, 1.355, 0.0], [3.2, 0.247, -0.0], [5.533, 1.09, 0.0], [5.318, 3.204, -0.0], [3.984, 3.677, -0.0], [3.832, 0.019, 0.0], [3.961, 1.873, -0.0], [4.155, 2.345, 0.0], [4.61, 0.144, 0.0], [4.668, 1.69, -0.0], [4.773, 3.274, 0.0], [4.047, 2.358, -0.0], [5.531, 2.176, -0.0], [4.922, 2.626, -0.0], [4.936, 1.218, 0.0], [3.993, 2.267, -0.0], [3.467, -0.143, -0.0], [4.597, 2.75, -0.0], [4.854, 0.477, -0.0], [4.45, -0.339, -0.0], [4.582, 2.803, 0.0], [5.112, -0.456, 0.0], [7.026, -0.358, 0.0], [5.523, -1.084, 0.0], [5.22, 0.474, -0.0], [4.066, 1.599, 0.0], [4.57, -1.036, -0.0], [4.992, -0.97, 0.0], [3.089, 1.108, 0.0], [4.264, 2.673, 0.0], [6.682, -1.51, 0.0], [5.062, -1.001, -0.0], [7.255, -0.003, 0.0], [4.027, 3.041, 0.0], [3.83, 2.531, -0.0], [6.315, 3.181, 0.0], [3.604, 0.942, 0.0], [4.075, 3.562, -0.0], [5.005, -0.122, 0.0], [4.866, 3.323, 0.0], [4.309, -0.869, 0.0], [4.837, 1.55, -0.0], [4.92, 3.43, 0.0], [5.276, -0.912, -0.0], [8.777, 2.5, 0.0], [4.535, -0.38, 0.0], [3.916, -0.915, 0.0], [6.16, 2.937, 0.0], [5.12, -0.443, -0.0], [5.685, 3.536, 0.0], [5.364, 1.839, 0.0], [5.306, 3.63, -0.0], [5.194, 1.307, -0.0], [4.646, 0.701, -0.0], [4.423, -0.738, 0.0], [4.695, 0.302, 0.0], [4.421, 3.633, -0.0], [3.558, 0.11, -0.0], [3.651, 1.728, -0.0], [5.898, -1.15, 0.0], [4.704, 1.975, -0.0], [4.759, 2.371, 0.0], [6.757, -1.245, 0.0], [4.403, -0.4, -0.0], [4.638, -0.965, 0.0], [4.54, 3.528, 0.0], [5.364, -0.431, -0.0], [5.041, -0.924, 0.0], [4.896, -0.164, -0.0], [4.615, 0.535, 0.0], [2.668, 0.61, 0.0], [3.851, -0.774, 0.0], [4.761, -0.396, 0.0], [4.615, 2.822, -0.0], [7.063, 0.59, 0.0], [5.688, 1.154, 0.0]])


real_landing_point = np.array([
[5.448, 0.485, 0.005] ,
[5.645, 0.464, 0.003] ,
[6.391, 3.582, 0.0] ,
[5.415, 2.66, 0.003] ,
[5.328, 3.175, 0.0] ,
[5.512, 3.181, 0.003] ,
[5.418, -0.708, 0.004] ,
[5.613, -0.742, 0.004] ,
[5.87, 3.345, 0.005] ,
[6.066, 3.353, 0.003] ,
[5.202, 2.264, 0.001] ,
[5.246, 0.597, 0.002] ,
[5.734, 1.681, 0.002] ,
[5.929, 1.672, 0.005] ,
[6.198, 3.407, 0.003] ,
[6.395, 3.415, 0.005] ,
[5.877, 0.644, 0.004] ,
[5.086, 2.043, 0.003] ,
[5.781, 2.157, 0.002] ,
[5.961, 2.153, 0.002] ,
[5.502, -0.434, 0.002] ,
[5.979, 1.064, 0.003] ,
[5.602, -0.71, 0.001] ,
[5.281, -0.967, 0.002] ,
[5.461, -1.001, 0.0] ,
[5.784, 0.858, 0.0] ,
[5.964, 0.842, 0.003] ,
[5.658, -0.688, 0.001] ,
[5.627, -0.051, 0.005] ,
[5.582, 2.86, 0.002] ,
[5.127, 1.182, 0.003] ,
[5.321, 1.168, 0.004] ,
[5.22, 0.98, 0.004] ,
[5.521, 2.271, 0.004] ,
[6.85, 2.428, 0.001] ,
[7.031, 2.427, 0.001] ,
[6.271, 1.113, 0.001] ,
[5.731, 3.196, 0.003] ,
[5.275, 3.777, 0.002] ,
[4.916, -0.11, 0.001] ,
[6.133, 2.336, 0.004] ,
[6.331, 2.334, 0.003] ,
[6.036, 0.045, 0.0] ,
[6.279, 1.653, 0.002] ,
[6.41, 3.332, 0.001] ,
[6.035, 2.374, 0.001] ,
[6.135, 2.194, 0.003] ,
[6.329, 2.191, 0.004] ,
[6.512, 2.664, 0.002] ,
[5.436, 1.223, 0.001] ,
[5.614, 1.21, 0.002] ,
[5.11, -0.35, 0.001] ,
[5.287, -0.378, 0.002] ,
[5.188, 3.231, 0.001] ,
[6.225, 0.815, 0.002] ,
[5.416, -0.444, 0.004] ,
[5.622, -0.463, 0.002] ,
[5.802, -0.491, 0.0] ,
[5.979, 0.471, 0.003] ,
[6.173, 0.45, 0.004] ,
[5.524, 1.582, 0.002] ,
[5.777, -1.168, 0.003] ,
[5.349, -1.001, 0.0] ,
[5.53, -1.035, 0.003] ,
[5.35, -0.201, 0.0] ,
[5.292, 2.689, 0.001] ,
[5.774, -1.078, 0.001] ,
[5.951, -1.112, 0.003] ,
[6.076, -1.106, 0.002] ,
[5.079, 3.12, 0.004] ,
[5.407, 2.513, 0.002] ,
[6.418, 3.13, 0.001] ,
[6.601, 3.135, 0.002] ,
[5.157, 3.674, 0.004] ,
[5.685, -0.152, 0.001] ,
[5.865, -0.178, 0.001] ,
[5.539, 1.572, 0.003] ,
[6.284, 3.5, 0.004] ,
[6.231, 0.946, 0.002] ,
[6.457, 2.957, 0.003] ,
[5.685, -0.411, 0.002] ,
[6.104, 3.577, 0.002] ,
[6.022, 1.861, 0.003] ,
[6.01, 3.726, 0.004] ,
[5.734, 1.351, 0.0] ,
[4.728, 0.318, 0.0] ,
[4.908, 0.296, 0.003] ,
[4.8, 3.679, 0.001] ,
[5.788, 1.635, 0.003] ,
[5.987, 1.625, 0.004] ,
[6.977, -1.115, 0.005] ,
[7.168, -1.149, 0.002] ,
[5.847, -0.892, 0.003] ,
[6.914, -0.629, 0.002] ,
[5.513, -1.042, 0.004] ,
[6.038, -1.008, 0.0] ,
[5.679, -0.803, 0.002] ,
[4.745, 0.537, 0.004] ,
[4.527, 0.455, 0.001] ,
[4.705, 0.435, 0.002] ,
[4.794, -0.899, 0.003] ,
[4.973, -0.933, 0.0] ,
[5.249, 0.727, 0.002] ,
[4.017, 3.007, 0.003] ,
[4.197, 3.011, 0.001] 
                              ])


#################### 3 ##########################





#################### 4 ##########################

MAE
0.6553218390804602
1.4141034482758623
MSE
0.6373334137931035
3.345116655172413
RMSE
0.7983316439883261
1.8289660071123282
R2 Score
0.9071568559813363
1.1304517133956389


esti_landing_point = np.array([[4.036, -1.7, -0.0], [3.987, -2.62, 0.0], [3.818, -0.462, 0.0], [3.975, 0.029, 0.0], [4.438, 0.99, 0.0], [3.993, -1.252, -0.0], [4.189, 0.669, 0.0], [4.707, -0.422, 0.0], [4.205, 0.261, 0.0], [3.898, 0.805, 0.0], [3.403, -2.352, 0.0], [3.923, 0.517, 0.0], [3.962, -2.642, 0.0], [3.148, 0.041, 0.0], [4.155, -0.542, 0.0], [3.741, -1.341, 0.0], [4.273, -0.286, -0.0], [4.587, -0.153, 0.0], [4.941, -0.859, 0.0], [4.162, -2.685, -0.0], [3.932, 1.201, 0.0], [3.762, -0.905, -0.0], [3.631, 0.561, 0.0], [4.652, 0.636, -0.0], [4.455, -2.053, -0.0], [5.48, -2.546, 0.0], [4.432, 0.757, 0.0], [4.297, 1.756, -0.0], [4.227, -1.661, 0.0], [4.759, -1.341, -0.0], [4.05, -0.007, 0.0], [5.242, -0.915, 0.0], [3.897, -0.496, 0.0], [3.85, -1.441, -0.0], [4.339, -1.783, -0.0], [2.822, -0.675, 0.0], [3.988, 1.129, 0.0], [3.558, 1.022, 0.0], [4.317, -0.941, 0.0], [3.438, -2.485, 0.0], [4.437, -0.035, -0.0], [3.409, -2.369, 0.0], [3.052, 0.946, 0.0], [4.589, -2.371, 0.0], [4.197, -2.91, 0.0], [4.076, 0.1, 0.0], [3.432, -1.432, 0.0], [3.138, 0.006, 0.0], [3.427, -0.395, 0.0], [4.435, 0.616, -0.0], [3.789, -0.102, -0.0], [4.154, 2.012, 0.0], [3.381, -1.177, -0.0], [4.003, -1.742, 0.0], [4.283, 1.266, 0.0], [4.197, -1.988, -0.0], [4.646, -1.958, 0.0], [4.254, -2.945, 0.0], [3.707, -2.485, 0.0], [4.254, 0.012, -0.0], [3.887, 1.127, 0.0], [4.825, -1.347, 0.0], [4.907, 1.07, -0.0], [3.883, -1.726, 0.0], [3.939, -0.776, -0.0], [3.66, -2.138, 0.0], [4.976, -2.085, 0.0], [3.762, -2.41, 0.0], [3.89, -1.468, -0.0], [3.077, 0.836, -0.0], [4.51, 0.044, 0.0], [3.932, 0.374, 0.0], [4.162, -0.061, 0.0], [4.558, -1.442, 0.0], [3.602, -0.461, 0.0], [4.58, -2.228, -0.0], [4.208, -2.444, -0.0], [4.965, 1.103, 0.0], [3.934, -1.871, -0.0], [3.886, -1.718, 0.0], [4.473, -2.874, -0.0], [3.759, -2.706, -0.0], [4.885, -1.456, 0.0], [3.78, -1.63, 0.0], [3.729, 0.906, -0.0], [3.776, 0.657, 0.0], [3.95, -0.903, -0.0]])

real_landing_point = np.array([[3.533, -1.306, 0.004] ,
[4.978, -1.739, 0.004] ,
[5.173, -1.744, 0.004] ,
[4.685, -2.426, 0.001] ,
[3.866, -0.466, 0.001] ,
[4.271, 0.088, 0.003] ,
[4.911, 0.998, 0.004] ,
[5.108, 1.02, 0.004] ,
[4.142, -1.265, 0.003] ,
[5.129, 0.334, 0.004] ,
[4.449, 0.839, 0.001] ,
[4.613, -2.456, 0.0] ,
[4.769, 0.6, 0.001] ,
[3.787, -2.66, 0.003] ,
[4.502, -1.357, 0.0] ,
[3.78, -0.279, 0.0] ,
[4.196, -0.126, 0.005] ,
[5.146, -0.862, 0.004] ,
[3.991, -2.724, 0.001] ,
[4.173, 1.329, 0.003] ,
[4.063, -0.879, 0.005] ,
[3.954, 0.65, 0.004] ,
[5.159, 0.684, 0.002] ,
[4.979, -2.099, 0.002] ,
[4.305, 0.794, 0.003] ,
[4.453, 1.812, 0.003] ,
[4.137, -1.707, 0.001] ,
[5.054, -1.355, 0.005] ,
[4.813, 0.052, 0.002] ,
[4.9, -1.833, 0.003] ,
[5.017, -0.842, 0.003] ,
[4.887, -1.476, 0.004] ,
[3.973, -1.786, 0.0] ,
[4.865, -0.561, 0.003] ,
[5.049, -0.554, 0.0] ,
[3.899, 1.144, 0.001] ,
[4.293, -0.945, 0.002] ,
[4.808, -2.599, 0.005] ,
[4.025, -0.667, 0.003] ,
[5.112, -2.442, 0.003] ,
[3.671, 1.071, 0.002] ,
[4.374, -2.388, 0.0] ,
[3.993, -2.932, 0.003] ,
[4.208, -1.455, 0.002] ,
[3.896, 0.045, 0.001] ,
[4.245, -0.381, 0.0] ,
[4.856, 0.65, 0.0] ,
[4.903, -0.039, 0.001] ,
[4.205, 1.637, 0.005] ,
[4.399, 1.666, 0.003] ,
[4.244, -1.772, 0.002] ,
[4.931, 1.327, 0.003] ,
[5.128, 1.352, 0.005] ,
[4.466, -2.022, 0.004] ,
[4.372, -1.904, 0.002] ,
[4.416, 0.058, 0.002] ,
[4.601, 0.07, 0.001] ,
[4.55, 1.037, 0.004] ,
[4.985, -1.377, 0.002] ,
[4.771, 1.063, 0.002] ,
[4.952, 1.084, 0.001] ,
[3.86, -1.748, 0.004] ,
[4.058, -1.753, 0.004] ,
[4.69, -0.798, 0.004] ,
[4.157, -2.196, 0.004] ,
[4.946, -2.08, 0.003] ,
[5.143, -2.089, 0.004] ,
[4.411, -2.438, 0.004] ,
[4.698, -1.504, 0.004] ,
[4.895, -1.506, 0.004] ,
[3.641, 0.31, 0.0] ,
[4.512, 0.069, 0.0] ,
[4.801, 0.477, 0.003] ,
[4.995, 0.494, 0.004] ,
[3.904, -0.044, 0.004] ,
[4.098, -0.032, 0.004] ,
[3.989, -1.447, 0.002] ,
[4.72, -0.401, 0.002] ,
[4.779, -2.291, 0.001] ,
[4.961, -2.3, 0.002] ,
[4.676, 1.075, 0.0] ,
[4.285, -2.883, 0.003] ,
[3.989, -2.759, 0.003] ,
[5.151, -1.479, 0.003] ,
[3.728, 0.968, 0.002] ,
[4.113, 0.744, 0.004] ,
[5.046, -1.432, 0.004]])



#################### 5 ##########################
